cam_model: Pinhole
cam_width: 1280
cam_height: 1024
scale: 0.5
cam_fx: 863.590518438
cam_fy: 863.000180534
cam_cx: 621.666074632
cam_cy: 513.971978652
cam_d0: -0.0944205499243979
cam_d1: 0.0946727677776504
cam_d2: -0.00807970960613932
cam_d3: 8.07461209775283e-05